    25.6504440    104.6930237      5.0000000
    26.5404892    101.8186035      5.0000000
    26.5413322    101.8482361      5.0000000
    26.5670128    101.8176270      5.0000000
    26.5935555    101.8166809      5.0000000
    26.6200905    101.8157043      5.0000000
    26.6466179    101.8147583      5.0000000
    26.6731682    101.8137817      5.0000000
    26.6997147    101.8128357      5.0000000
    26.7262573    101.8118896      5.0000000
    26.7528152    101.8109131      5.0000000
    26.7793694    101.8099365      5.0000000
    26.8050728    101.7792358      5.0000000
    26.8059311    101.8089905      5.0000000
    26.8316345    101.7782593      5.0000000
    26.8325005    101.8080139      5.0000000
    26.8333549    101.8377991      5.0000000
    26.8599243    101.8368530      5.0000000
    26.8607788    101.8666382      5.0000000
    26.8864937    101.8358765      5.0000000
    26.8873482    101.8656921      5.0000000
    26.9139099    101.8647461      5.0000000
    26.9405022    101.8638000      5.0000000
    26.9413338    101.8936157      5.0000000
    26.9461441    102.0725403      5.0000000
    26.9469261    102.1023560      5.0000000
    26.9476776    102.1322021      5.0000000
    26.9679184    101.8926697      5.0000000
    26.9742699    102.1313477      5.0000000
    26.9750137    102.1611633      5.0000000
    26.9945145    101.8917542      5.0000000
    26.9953384    101.9215698      5.0000000
    26.9961548    101.9514160      5.0000000
    27.0016022    102.1603394      5.0000000
    27.0023422    102.1901855      5.0000000
    27.0227432    101.9505005      5.0000000
    27.0235481    101.9803772      5.0000000
    27.0289459    102.1893616      5.0000000
    27.0501518    101.9794617      5.0000000
    27.0509567    102.0093384      5.0000000
    27.0555344    102.1885376      5.0000000
    27.0775566    102.0084229      5.0000000
    27.0783348    102.0383301      5.0000000
    27.0821304    102.1877136      5.0000000
    27.0828705    102.2175903      5.0000000
    27.0835876    102.2474670      5.0000000
    27.1049423    102.0374451      5.0000000
    27.1101952    102.2466736      5.0000000
    27.1315536    102.0365601      5.0000000
    27.1323280    102.0664673      5.0000000
    27.1368141    102.2458496      5.0000000
    27.1581573    102.0356750      5.0000000
    27.1589432    102.0655823      5.0000000
    27.1641426    102.2749634      5.0000000
    27.1855621    102.0646973      5.0000000
    27.1863403    102.0946350      5.0000000
    27.1907463    102.2741699      5.0000000
    27.1914482    102.3041077      5.0000000
    27.2129517    102.0937500      5.0000000
    27.2180710    102.3033142      5.0000000
    27.2403336    102.1228638      5.0000000
    27.2447052    102.3025513      5.0000000
    27.2669640    102.1220093      5.0000000
    27.2677231    102.1519470      5.0000000
    27.2713356    102.3017578      5.0000000
    27.2720261    102.3317261      5.0000000
    27.2943382    102.1511230      5.0000000
    27.2986603    102.3309326      5.0000000
    27.3209915    102.1502686      5.0000000
    27.3252869    102.3301697      5.0000000
    27.3259811    102.3601685      5.0000000
    27.3266449    102.3901367      5.0000000
    27.3273201    102.4201050      5.0000000
    27.3279648    102.4501038      5.0000000
    27.3286133    102.4801025      5.0000000
    27.3476219    102.1494141      5.0000000
    27.3552551    102.4793701      5.0000000
    27.3558846    102.5093689      5.0000000
    27.3742599    102.1485901      5.0000000
    27.3825302    102.5086670      5.0000000
    27.3831596    102.5386658      5.0000000
    27.4009018    102.1477356      5.0000000
    27.4098091    102.5379639      5.0000000
    27.4104233    102.5679932      5.0000000
    27.4275475    102.1469116      5.0000000
    27.4283066    102.1769409      5.0000000
    27.4370766    102.5673218      5.0000000
    27.4376831    102.5973511      5.0000000
    27.4542046    102.1460571      5.0000000
    27.4549637    102.1760864      5.0000000
    27.4643364    102.5966797      5.0000000
    27.4816093    102.1752625      5.0000000
    27.4909935    102.5960083      5.0000000
    27.5082588    102.1744080      5.0000000
    27.5182648    102.6253662      5.0000000
    27.5349312    102.1735840      5.0000000
    27.5449257    102.6247253      5.0000000
    27.5615959    102.1727295      5.0000000
    27.5716019    102.6240540      5.0000000
    27.5882683    102.1719055      5.0000000
    27.5890007    102.2019958      5.0000000
    27.5982819    102.6233826      5.0000000
    27.5988693    102.6535034      5.0000000
    27.6149406    102.1710815      5.0000000
    27.6156769    102.2011719      5.0000000
    27.6255417    102.6528320      5.0000000
    27.6261215    102.6829529      5.0000000
    27.6423645    102.2003479      5.0000000
    27.6528091    102.6823120      5.0000000
    27.6533661    102.7124329      5.0000000
    27.6539192    102.7425537      5.0000000
    27.6690292    102.1995239      5.0000000
    27.6697731    102.2296448      5.0000000
    27.6806145    102.7419434      5.0000000
    27.6811600    102.7720642      5.0000000
    27.6964455    102.2288208      5.0000000
    27.6971703    102.2589722      5.0000000
    27.6978874    102.2891235      5.0000000
    27.6985779    102.3192749      5.0000000
    27.6992645    102.3493958      5.0000000
    27.7078590    102.7714539      5.0000000
    27.7216682    102.1677246      5.0000000
    27.7224197    102.1978760      5.0000000
    27.7231445    102.2280273      5.0000000
    27.7238541    102.2581787      5.0000000
    27.7259636    102.3486328      5.0000000
    27.7266350    102.3787842      5.0000000
    27.7273026    102.4089355      5.0000000
    27.7345505    102.7708435      5.0000000
    27.7139435    101.0513916      5.0000000
    27.7150421    101.0815430      5.0000000
    27.7420845    101.9255981      5.0000000
    27.7429047    101.9557495      5.0000000
    27.7437172    101.9859009      5.0000000
    27.7476158    102.1367188      5.0000000
    27.7498360    102.2272034      5.0000000
    27.7539978    102.4082031      5.0000000
    27.7546577    102.4383545      5.0000000
    27.7612419    102.7702332      5.0000000
    27.7383614    100.9898376      5.0000000
    27.7394905    101.0199890      5.0000000
    27.7417145    101.0802612      5.0000000
    27.7428207    101.1104126      5.0000000
    27.7439156    101.1405640      5.0000000
    27.7687836    101.9246826      5.0000000
    27.7772446    102.2565613      5.0000000
    27.7779617    102.2867432      5.0000000
    27.7786522    102.3168945      5.0000000
    27.7793503    102.3470764      5.0000000
    27.7813530    102.4376221      5.0000000
    27.7879410    102.7695923      5.0000000
    27.7946434    101.8935547      5.0000000
    27.7954712    101.9237366      5.0000000
    27.8060493    102.3463135      5.0000000
    27.8067245    102.3764954      5.0000000
    27.8087082    102.4670715      5.0000000
    27.8146477    102.7689819      5.0000000
    27.8204880    101.8624268      5.0000000
    27.8213348    101.8926086      5.0000000
    27.8334312    102.3757324      5.0000000
    27.8340950    102.4059448      5.0000000
    27.8347626    102.4361267      5.0000000
    27.8354111    102.4663391      5.0000000
    27.8360481    102.4965210      5.0000000
    27.8413696    102.7683716      5.0000000
    27.8608131    102.4051819      5.0000000
    27.8614693    102.4353943      5.0000000
    27.8621178    102.4656067      5.0000000
    27.8627548    102.4958191      5.0000000
    27.8633957    102.5260315      5.0000000
    27.8640175    102.5562439      5.0000000
    27.8646164    102.5864563      5.0000000
    27.8680687    102.7677612      5.0000000
    27.8913460    102.5857849      5.0000000
    27.8919449    102.6159973      5.0000000
    27.8947868    102.7671509      5.0000000
    27.8953323    102.7973633      5.0000000
    27.9186440    102.6153259      5.0000000
    27.9192390    102.6455688      5.0000000
    27.9198265    102.6758118      5.0000000
    27.9203987    102.7060547      5.0000000
    27.9209518    102.7362976      5.0000000
    27.9220467    102.7967529      5.0000000
    27.9471283    102.7054138      5.0000000
    27.9476814    102.7356567      5.0000000
    27.9482346    102.7659302      5.0000000
    27.9487724    102.7961731      5.0000000
    27.9749527    102.7652893      5.0000000
    27.9754982    102.7955627      5.0000000
    27.9760170    102.8258057      5.0000000
    27.9765511    102.8560791      5.0000000
    28.0022202    102.7949524      5.0000000
    28.0027580    102.8252258      5.0000000
    28.0032768    102.8554993      5.0000000
    28.0294838    102.8246460      5.0000000
    28.0300026    102.8549194      5.0000000
    28.0567589    102.8543396      5.0000000
    28.0572586    102.8846436      5.0000000
    28.0577621    102.9149170      5.0000000
    28.0582542    102.9452515      5.0000000
    28.0587387    102.9755249      5.0000000
    28.0845032    102.9143677      5.0000000
    28.0849876    102.9447021      5.0000000
    28.0854797    102.9750061      5.0000000
    28.0859489    103.0053101      5.0000000
    28.1126976    103.0047913      5.0000000
    28.1131477    103.0350952      5.0000000
    28.1394463    103.0042725      5.0000000
    28.1399040    103.0346069      5.0000000
    28.1666641    103.0340576      5.0000000
    28.1934013    103.0335693      5.0000000
    28.1938591    103.0639038      5.0000000
    28.2201653    103.0330200      5.0000000
    28.2206230    103.0634155      5.0000000
    28.2469330    103.0325317      5.0000000
    28.2473831    103.0628967      5.0000000
    28.2568092    104.6735229      5.0000000
    28.2741508    103.0623779      5.0000000
    28.2836647    104.6432190      5.0000000
    28.2835808    104.6736450      5.0000000
    28.3009186    103.0618896      5.0000000
    28.3013611    103.0922852      5.0000000
    28.3105736    104.5824890      5.0000000
    28.3105202    104.6129150      5.0000000
    28.3104324    104.6433105      5.0000000
    28.3281364    103.0917969      5.0000000
    28.3285713    103.1222229      5.0000000
    28.3289909    103.1526489      5.0000000
    28.3374176    104.5521240      5.0000000
    28.3373566    104.5825500      5.0000000
    28.3549232    103.0913086      5.0000000
    28.3553467    103.1217346      5.0000000
    28.3557549    103.1521606      5.0000000
    28.3584480    103.3651733      5.0000000
    28.3587761    103.3955994      5.0000000
    28.3591118    103.4260254      5.0000000
    28.3642044    104.5521851      5.0000000
    28.3821220    103.1212463      5.0000000
    28.3825531    103.1516724      5.0000000
    28.3829613    103.1821289      5.0000000
    28.3833580    103.2125854      5.0000000
    28.3837547    103.2430115      5.0000000
    28.3841438    103.2734375      5.0000000
    28.3845100    103.3038940      5.0000000
    28.3848724    103.3343506      5.0000000
    28.3852234    103.3647766      5.0000000
    28.3858910    103.4256592      5.0000000
    28.3862190    103.4561157      5.0000000
    28.3909798    104.5522461      5.0000000
    28.4089165    103.1207581      5.0000000
    28.4133224    103.4862061      5.0000000
    28.4136086    103.5166626      5.0000000
    28.4177818    104.5523071      5.0000000
    28.4352608    103.0898132      5.0000000
    28.4356956    103.1202698      5.0000000
    28.4403954    103.5163269      5.0000000
    28.4445496    104.5523682      5.0000000
    28.4445076    104.5828247      5.0000000
    28.4620552    103.0892944      5.0000000
    28.4624863    103.1197815      5.0000000
    28.4671898    103.5159912      5.0000000
    28.4674911    103.5464783      5.0000000
    28.4712944    104.5829163      5.0000000
    28.4712410    104.6134033      5.0000000
    28.4888496    103.0888062      5.0000000
    28.4892807    103.1192932      5.0000000
    28.4942856    103.5461426      5.0000000
    28.4945526    103.5766602      5.0000000
    28.4980354    104.6134644      5.0000000
    28.4979553    104.6439819      5.0000000
    28.5156441    103.0883179      5.0000000
    28.5213623    103.5763245      5.0000000
    28.5216293    103.6068420      5.0000000
    28.5218887    103.6373291      5.0000000
    28.5247574    104.6440430      5.0000000
    28.5200157    101.9897461      5.0000000
    28.5208206    102.0202332      5.0000000
    28.5216141    102.0507202      5.0000000
    28.5223846    102.0812073      5.0000000
    28.5231590    102.1116943      5.0000000
    28.5424538    103.0877991      5.0000000
    28.5428772    103.1183167      5.0000000
    28.5487022    103.6370544      5.0000000
    28.5489540    103.6675720      5.0000000
    28.5491867    103.6980896      5.0000000
    28.5518837    104.4305115      5.0000000
    28.5518723    104.4610291      5.0000000
    28.5518532    104.4915771      5.0000000
    28.5518188    104.5220947      5.0000000
    28.5515633    104.6441650      5.0000000
    28.5400276    101.7448120      5.0000000
    28.5409088    101.7753296      5.0000000
    28.5459900    101.9583130      5.0000000
    28.5468178    101.9888306      5.0000000
    28.5476151    102.0193176      5.0000000
    28.5507164    102.1413574      5.0000000
    28.5514679    102.1718445      5.0000000
    28.5696831    103.1178284      5.0000000
    28.5759964    103.6978149      5.0000000
    28.5786858    104.4305420      5.0000000
    28.5786858    104.4610596      5.0000000
    28.5786591    104.4915771      5.0000000
    28.5786171    104.5221252      5.0000000
    28.5785789    104.5526428      5.0000000
    28.5785179    104.5831909      5.0000000
    28.5784531    104.6137085      5.0000000
    28.5783730    104.6442261      5.0000000
    28.5668221    101.7438049      5.0000000
    28.5676956    101.7743225      5.0000000
    28.5685768    101.8048096      5.0000000
    28.5694389    101.8353271      5.0000000
    28.5719795    101.9268799      5.0000000
    28.5727997    101.9573975      5.0000000
    28.5782623    102.1709900      5.0000000
    28.5965004    103.1173401      5.0000000
    28.6028099    103.6975403      5.0000000
    28.6030350    103.7280884      5.0000000
    28.6053391    104.5832520      5.0000000
    28.6052628    104.6138000      5.0000000
    28.6051865    104.6443481      5.0000000
    28.6050987    104.6748657      5.0000000
    28.5918159    101.6817627      5.0000000
    28.5927238    101.7122803      5.0000000
    28.5936127    101.7427979      5.0000000
    28.5962334    101.8343506      5.0000000
    28.5970879    101.8648682      5.0000000
    28.5979347    101.8953857      5.0000000
    28.5987740    101.9259338      5.0000000
    28.6050644    102.1701660      5.0000000
    28.6058044    102.2006836      5.0000000
    28.6233025    103.1168518      5.0000000
    28.6296272    103.6972656      5.0000000
    28.6311836    103.9417114      5.0000000
    28.6313286    103.9722595      5.0000000
    28.6314697    104.0028076      5.0000000
    28.6315880    104.0333557      5.0000000
    28.6317024    104.0639038      5.0000000
    28.6321411    104.5833130      5.0000000
    28.6320839    104.6138916      5.0000000
    28.6320038    104.6444397      5.0000000
    28.6319160    104.6749878      5.0000000
    28.6177025    101.6501770      5.0000000
    28.6186180    101.6807251      5.0000000
    28.6326180    102.1998291      5.0000000
    28.6333542    102.2303772      5.0000000
    28.6496925    103.0858154      5.0000000
    28.6501160    103.1163635      5.0000000
    28.6521454    103.2691650      5.0000000
    28.6525154    103.2997131      5.0000000
    28.6566811    103.7275696      5.0000000
    28.6568871    103.7581482      5.0000000
    28.6576729    103.8804016      5.0000000
    28.6578293    103.9109497      5.0000000
    28.6585312    104.0637817      5.0000000
    28.6586342    104.0943604      5.0000000
    28.6587372    104.1249084      5.0000000
    28.6588173    104.1554871      5.0000000
    28.6591110    104.4916992      5.0000000
    28.6590729    104.5222778      5.0000000
    28.6590233    104.5528259      5.0000000
    28.6589699    104.5834045      5.0000000
    28.6587372    104.6750793      5.0000000
    28.6586342    104.7056580      5.0000000
    28.6585312    104.7362061      5.0000000
    28.6584091    104.7667847      5.0000000
    28.6445084    101.6491394      5.0000000
    28.6601563    102.2295532      5.0000000
    28.6608810    102.2601013      5.0000000
    28.6765022    103.0852966      5.0000000
    28.6769333    103.1158752      5.0000000
    28.6793289    103.2992859      5.0000000
    28.6796989    103.3298645      5.0000000
    28.6837158    103.7579041      5.0000000
    28.6839180    103.7884521      5.0000000
    28.6841240    103.8190308      5.0000000
    28.6843147    103.8496094      5.0000000
    28.6845016    103.8801880      5.0000000
    28.6856461    104.1553955      5.0000000
    28.6859474    104.4611511      5.0000000
    28.6859283    104.4917297      5.0000000
    28.6853409    104.7363586      5.0000000
    28.6852303    104.7669067      5.0000000
    28.6851082    104.7974854      5.0000000
    28.6849632    104.8280640      5.0000000
    28.6848145    104.8586426      5.0000000
    28.6846581    104.8892212      5.0000000
    28.6877022    102.2592773      5.0000000
    28.7033310    103.0848083      5.0000000
    28.7037544    103.1153870      5.0000000
    28.7065277    103.3294678      5.0000000
    28.7068825    103.3600464      5.0000000
    28.7124710    104.1552734      5.0000000
    28.7125511    104.1858826      5.0000000
    28.7126122    104.2164612      5.0000000
    28.7126694    104.2470703      5.0000000
    28.7128029    104.3999939      5.0000000
    28.7127914    104.4306030      5.0000000
    28.7127838    104.4611816      5.0000000
    28.7114944    104.8894043      5.0000000
    28.7113228    104.9200134      5.0000000
    28.7145042    102.2584839      5.0000000
    28.7305756    103.1148987      5.0000000
    28.7309990    103.1454773      5.0000000
    28.7336998    103.3596497      5.0000000
    28.7340469    103.3902283      5.0000000
    28.7394905    104.2470093      5.0000000
    28.7395439    104.2775879      5.0000000
    28.7396202    104.3693848      5.0000000
    28.7396278    104.3999939      5.0000000
    28.7381516    104.9201965      5.0000000
    28.7379684    104.9508057      5.0000000
    28.7413330    102.2576599      5.0000000
    28.7578354    103.1450195      5.0000000
    28.7582474    103.1755981      5.0000000
    28.7586632    103.2062073      5.0000000
    28.7590446    103.2368164      5.0000000
    28.7594337    103.2674255      5.0000000
    28.7598152    103.2980347      5.0000000
    28.7605400    103.3592529      5.0000000
    28.7608757    103.3898621      5.0000000
    28.7612038    103.4204712      5.0000000
    28.7615318    103.4510498      5.0000000
    28.7618370    103.4816895      5.0000000
    28.7621460    103.5122681      5.0000000
    28.7663803    104.2775574      5.0000000
    28.7664146    104.3081665      5.0000000
    28.7664337    104.3387756      5.0000000
    28.7664566    104.3693848      5.0000000
    28.7649803    104.9204102      5.0000000
    28.7647972    104.9510193      5.0000000
    28.7646065    104.9816284      5.0000000
    28.7531242    105.9610291      5.0000000
    28.7681503    102.2568359      5.0000000
    28.7850876    103.1751404      5.0000000
    28.7877045    103.3894653      5.0000000
    28.7880402    103.4200745      5.0000000
    28.7883682    103.4507141      5.0000000
    28.7886810    103.4813232      5.0000000
    28.7889824    103.5119324      5.0000000
    28.7932854    104.3387451      5.0000000
    28.7932854    104.3693848      5.0000000
    28.7918091    104.9205933      5.0000000
    28.7916336    104.9512329      5.0000000
    28.7914467    104.9818420      5.0000000
    28.7912483    105.0124512      5.0000000
    28.7910233    105.0430908      5.0000000
    28.7908173    105.0737305      5.0000000
    28.7905731    105.1043396      5.0000000
    28.7799606    105.9616089      5.0000000
    28.7794189    105.9922485      5.0000000
    28.7949791    102.2560120      5.0000000
    28.7956963    102.2866211      5.0000000
    28.8119164    103.1746826      5.0000000
    28.8158226    103.5115967      5.0000000
    28.8161125    103.5422363      5.0000000
    28.8200531    104.2774658      5.0000000
    28.8200874    104.3081055      5.0000000
    28.8201294    104.3693848      5.0000000
    28.8201332    104.3999939      5.0000000
    28.8184738    104.9514160      5.0000000
    28.8174210    105.1046143      5.0000000
    28.8171844    105.1352539      5.0000000
    28.8169250    105.1658630      5.0000000
    28.8166656    105.1965027      5.0000000
    28.8163910    105.2271423      5.0000000
    28.8161125    105.2577515      5.0000000
    28.8158226    105.2883911      5.0000000
    28.8225327    102.2858276      5.0000000
    28.8387604    103.1741943      5.0000000
    28.8391647    103.2048340      5.0000000
    28.8429527    103.5419006      5.0000000
    28.8432350    103.5725403      5.0000000
    28.8468933    104.2774048      5.0000000
    28.8469772    104.3999939      5.0000000
    28.8469772    104.4306641      5.0000000
    28.8455009    104.9209900      5.0000000
    28.8453102    104.9516602      5.0000000
    28.8447075    105.0435791      5.0000000
    28.8444901    105.0742188      5.0000000
    28.8442650    105.1048584      5.0000000
    28.8440208    105.1355286      5.0000000
    28.8437653    105.1661682      5.0000000
    28.8435020    105.1968079      5.0000000
    28.8432350    105.2274475      5.0000000
    28.8429527    105.2580872      5.0000000
    28.8426552    105.2887573      5.0000000
    28.8493614    102.2850037      5.0000000
    28.8660049    103.2043762      5.0000000
    28.8700714    103.5722351      5.0000000
    28.8736916    104.2467041      5.0000000
    28.8737373    104.2773743      5.0000000
    28.8738136    104.4306641      5.0000000
    28.8738136    104.4613037      5.0000000
    28.8721542    104.9518433      5.0000000
    28.8719673    104.9825134      5.0000000
    28.8717575    105.0131836      5.0000000
    28.8715515    105.0438232      5.0000000
    28.8700714    105.2277832      5.0000000
    28.8697891    105.2584229      5.0000000
    28.8762016    102.2842102      5.0000000
    28.8769073    102.3148499      5.0000000
    28.8928566    103.2039185      5.0000000
    28.8969345    103.5718994      5.0000000
    28.8972054    103.6026001      5.0000000
    28.8974648    103.6332397      5.0000000
    28.9004860    104.2159729      5.0000000
    28.9005470    104.2466431      5.0000000
    28.9006691    104.4306641      5.0000000
    28.9006500    104.4613342      5.0000000
    28.8974648    105.1667480      5.0000000
    28.8972054    105.1974182      5.0000000
    28.8969345    105.2280884      5.0000000
    28.9037437    102.3140564      5.0000000
    28.9197044    103.2034607      5.0000000
    28.9243088    103.6329651      5.0000000
    28.9245682    103.6636353      5.0000000
    28.9248085    103.6943359      5.0000000
    28.9272652    104.1852417      5.0000000
    28.9273415    104.2159119      5.0000000
    28.9275055    104.4613647      5.0000000
    28.9274712    104.4920654      5.0000000
    28.9243088    105.1670532      5.0000000
    28.9298744    102.2825928      5.0000000
    28.9305916    102.3132629      5.0000000
    28.9465561    103.2030029      5.0000000
    28.9518890    103.7247314      5.0000000
    28.9521141    103.7554321      5.0000000
    28.9533691    103.9702759      5.0000000
    28.9535065    104.0009766      5.0000000
    28.9539719    104.1237488      5.0000000
    28.9540520    104.1544495      5.0000000
    28.9541283    104.1851501      5.0000000
    28.9543419    104.4920959      5.0000000
    28.9543076    104.5227661      5.0000000
    28.9514236    105.1366577      5.0000000
    28.9511642    105.1673279      5.0000000
    28.9567261    102.2817688      5.0000000
    28.9574280    102.3124390      5.0000000
    28.9734116    103.2025452      5.0000000
    28.9789772    103.7551880      5.0000000
    28.9791756    103.7858887      5.0000000
    28.9793739    103.8165894      5.0000000
    28.9795723    103.8472900      5.0000000
    28.9797478    103.8779907      5.0000000
    28.9799194    103.9086914      5.0000000
    28.9800911    103.9394226      5.0000000
    28.9802322    103.9701233      5.0000000
    28.9803696    104.0008240      5.0000000
    28.9804993    104.0315247      5.0000000
    28.9806252    104.0622253      5.0000000
    28.9807243    104.0929565      5.0000000
    28.9808273    104.1236572      5.0000000
    28.9811554    104.5228271      5.0000000
    28.9811096    104.5535278      5.0000000
    28.9782753    105.1369324      5.0000000
    28.9835815    102.2809448      5.0000000
    28.9842834    102.3116455      5.0000000
    28.9998627    103.1713867      5.0000000
    29.0002670    103.2020874      5.0000000
    29.0070915    103.9699707      5.0000000
    29.0072250    104.0006714      5.0000000
    29.0080528    104.4921570      5.0000000
    29.0079765    104.5535889      5.0000000
    29.0079231    104.5843201      5.0000000
    29.0051384    105.1372070      5.0000000
    29.0104218    102.2801514      5.0000000
    29.0111389    102.3108521      5.0000000
    29.0267220    103.1708984      5.0000000
    29.0340881    104.0005188      5.0000000
    29.0342331    104.0312500      5.0000000
    29.0348015    104.5843811      5.0000000
    29.0320015    105.1375122      5.0000000
    29.0379906    102.3100586      5.0000000
    29.0535889    103.1704407      5.0000000
    29.0540009    103.2011719      5.0000000
    29.0610962    104.0310974      5.0000000
    29.0612144    104.0618286      5.0000000
    29.0616493    104.5844421      5.0000000
    29.0615959    104.6151733      5.0000000
    29.0593491    105.0762939      5.0000000
    29.0588570    105.1377869      5.0000000
    29.0648537    102.3092651      5.0000000
    29.0655479    102.3399658      5.0000000
    29.0808716    103.2007141      5.0000000
    29.0880890    104.0617065      5.0000000
    29.0881920    104.0924683      5.0000000
    29.0882950    104.1232300      5.0000000
    29.0883751    104.1539917      5.0000000
    29.0884514    104.1847229      5.0000000
    29.0884514    104.6152649      5.0000000
    29.0883751    104.6460266      5.0000000
    29.0857391    105.1380615      5.0000000
    29.0924149    102.3392029      5.0000000
    29.1077385    103.2002563      5.0000000
    29.1149673    104.0615845      5.0000000
    29.1153336    104.1846313      5.0000000
    29.1154175    104.2153931      5.0000000
    29.1154518    104.2461853      5.0000000
    29.1154976    104.2769470      5.0000000
    29.1152534    104.6461182      5.0000000
    29.1151772    104.6768799      5.0000000
    29.1126251    105.1383362      5.0000000
    29.1192894    102.3384094      5.0000000
    29.1346169    103.1997986      5.0000000
    29.1350060    103.2305603      5.0000000
    29.1417198    104.0306702      5.0000000
    29.1418419    104.0614624      5.0000000
    29.1423759    104.2768860      5.0000000
    29.1424294    104.3076782      5.0000000
    29.1424446    104.3384399      5.0000000
    29.1424637    104.3692322      5.0000000
    29.1419449    104.7077637      5.0000000
    29.1418419    104.7385559      5.0000000
    29.1399651    105.0770874      5.0000000
    29.1397247    105.1078491      5.0000000
    29.1394882    105.1386108      5.0000000
    29.1461449    102.3376160      5.0000000
    29.1468353    102.3683777      5.0000000
    29.1618881    103.2301025      5.0000000
    29.1622734    103.2608948      5.0000000
    29.1686096    104.0305481      5.0000000
    29.1693420    104.3692017      5.0000000
    29.1693497    104.3999939      5.0000000
    29.1693420    104.4307861      5.0000000
    29.1687202    104.7386780      5.0000000
    29.1686096    104.7694702      5.0000000
    29.1670685    105.0465698      5.0000000
    29.1668549    105.0773315      5.0000000
    29.1737137    102.3675842      5.0000000
    29.1895370    103.2912598      5.0000000
    29.1954956    104.0303955      5.0000000
    29.1962318    104.4307861      5.0000000
    29.1962128    104.4616089      5.0000000
    29.1961899    104.4924011      5.0000000
    29.1961555    104.5231934      5.0000000
    29.1960945    104.5540161      5.0000000
    29.1954956    104.7695923      5.0000000
    29.1953583    104.8004150      5.0000000
    29.1939583    105.0468140      5.0000000
    29.2005959    102.3668213      5.0000000
    29.2012711    102.3976135      5.0000000
    29.2096672    102.8287659      5.0000000
    29.2101860    102.8595581      5.0000000
    29.2107048    102.8903809      5.0000000
    29.2164230    103.2908325      5.0000000
    29.2222557    103.9994507      5.0000000
    29.2223778    104.0302429      5.0000000
    29.2230339    104.5232544      5.0000000
    29.2229919    104.5540771      5.0000000
    29.2229385    104.5848694      5.0000000
    29.2228699    104.6156921      5.0000000
    29.2227135    104.6773071      5.0000000
    29.2222557    104.8005676      5.0000000
    29.2221031    104.8313599      5.0000000
    29.2214470    104.9546204      5.0000000
    29.2212563    104.9854126      5.0000000
    29.2210579    105.0162354      5.0000000
    29.2274818    102.3660278      5.0000000
    29.2281570    102.3968506      5.0000000
    29.2375870    102.8897705      5.0000000
    29.2433128    103.2904053      5.0000000
    29.2436752    103.3212280      5.0000000
    29.2491531    103.9992981      5.0000000
    29.2498360    104.5849609      5.0000000
    29.2497749    104.6157837      5.0000000
    29.2496910    104.6466064      5.0000000
    29.2495956    104.6774292      5.0000000
    29.2495003    104.7082520      5.0000000
    29.2493896    104.7390747      5.0000000
    29.2492752    104.7698975      5.0000000
    29.2491531    104.8007202      5.0000000
    29.2490158    104.8315430      5.0000000
    29.2488594    104.8623657      5.0000000
    29.2486954    104.8931885      5.0000000
    29.2485161    104.9240112      5.0000000
    29.2529755    102.3036194      5.0000000
    29.2536659    102.3344421      5.0000000
    29.2543564    102.3652344      5.0000000
    29.2550316    102.3960571      5.0000000
    29.2639656    102.8583984      5.0000000
    29.2644806    102.8892212      5.0000000
    29.2686310    103.1666565      5.0000000
    29.2690353    103.1974792      5.0000000
    29.2694321    103.2283020      5.0000000
    29.2705650    103.3208008      5.0000000
    29.2758865    103.9682922      5.0000000
    29.2761726    104.7700195      5.0000000
    29.2760353    104.8008728      5.0000000
    29.2758865    104.8316956      5.0000000
    29.2757339    104.8625488      5.0000000
    29.2755775    104.8933716      5.0000000
    29.2798538    102.3027954      5.0000000
    29.2819252    102.3952942      5.0000000
    29.2826004    102.4261169      5.0000000
    29.2838974    102.4877930      5.0000000
    29.2845383    102.5186157      5.0000000
    29.2908630    102.8577881      5.0000000
    29.2913780    102.8886108      5.0000000
    29.2923584    102.9503174      5.0000000
    29.2951126    103.1353149      5.0000000
    29.2955284    103.1661682      5.0000000
    29.2959251    103.1970215      5.0000000
    29.2963333    103.2278442      5.0000000
    29.2978249    103.3512268      5.0000000
    29.3027954    103.9681396      5.0000000
    29.3026543    104.8627319      5.0000000
    29.3060265    102.2711792      5.0000000
    29.3067436    102.3020020      5.0000000
    29.3088150    102.3945313      5.0000000
    29.3094749    102.4253540      5.0000000
    29.3101463    102.4562073      5.0000000
    29.3107872    102.4870605      5.0000000
    29.3114243    102.5178833      5.0000000
    29.3120575    102.5487366      5.0000000
    29.3177490    102.8571777      5.0000000
    29.3182602    102.8880310      5.0000000
    29.3187637    102.9188843      5.0000000
    29.3192635    102.9497375      5.0000000
    29.3219948    103.1348572      5.0000000
    29.3232307    103.2274170      5.0000000
    29.3236084    103.2582397      5.0000000
    29.3247299    103.3508301      5.0000000
    29.3286362    103.7828064      5.0000000
    29.3288460    103.8136597      5.0000000
    29.3295517    103.9371033      5.0000000
    29.3297005    103.9679565      5.0000000
    29.3329315    102.2703247      5.0000000
    29.3389549    102.5480347      5.0000000
    29.3395691    102.5788574      5.0000000
    29.3451653    102.8874512      5.0000000
    29.3480339    103.0726318      5.0000000
    29.3484688    103.1034851      5.0000000
    29.3489075    103.1343689      5.0000000
    29.3505249    103.2578125      5.0000000
    29.3516197    103.3504028      5.0000000
    29.3519745    103.3812866      5.0000000
    29.3553352    103.7517090      5.0000000
    29.3555374    103.7825928      5.0000000
    29.3559341    103.8442993      5.0000000
    29.3561249    103.8751831      5.0000000
    29.3562965    103.9060669      5.0000000
    29.3564529    103.9369202      5.0000000
    29.3664665    102.5781860      5.0000000
    29.3670769    102.6090393      5.0000000
    29.3720665    102.8868713      5.0000000
    29.3725739    102.9177551      5.0000000
    29.3730583    102.9486084      5.0000000
    29.3744850    103.0412598      5.0000000
    29.3749313    103.0721130      5.0000000
    29.3753815    103.1029968      5.0000000
    29.3774300    103.2573853      5.0000000
    29.3788795    103.3808899      5.0000000
    29.3792114    103.4117737      5.0000000
    29.3820190    103.7205811      5.0000000
    29.3822441    103.7514648      5.0000000
    29.3830376    103.8750000      5.0000000
    29.3832092    103.9058838      5.0000000
    29.3939667    102.6083374      5.0000000
    29.3999710    102.9480591      5.0000000
    29.4004555    102.9789429      5.0000000
    29.4009323    103.0098267      5.0000000
    29.4013824    103.0407104      5.0000000
    29.4043350    103.2569275      5.0000000
    29.4047165    103.2878418      5.0000000
    29.4061241    103.4113770      5.0000000
    29.4064598    103.4422607      5.0000000
    29.4086990    103.6894226      5.0000000
    29.4089394    103.7203064      5.0000000
    29.4202766    102.5767822      5.0000000
    29.4312439    103.2565002      5.0000000
    29.4316216    103.2874146      5.0000000
    29.4336777    103.4728088      5.0000000
    29.4339828    103.5037231      5.0000000
    29.4342842    103.5346069      5.0000000
    29.4353561    103.6582336      5.0000000
    29.4356079    103.6891479      5.0000000
    29.4471741    102.5760498      5.0000000
    29.4477997    102.6069641      5.0000000
    29.4581642    103.2560425      5.0000000
    29.4585381    103.2869568      5.0000000
    29.4612007    103.5343018      5.0000000
    29.4614906    103.5651855      5.0000000
    29.4620285    103.6270447      5.0000000
    29.4622726    103.6579590      5.0000000
    29.4740982    102.5753479      5.0000000
    29.4850807    103.2556152      5.0000000
    29.4884071    103.5648804      5.0000000
    29.4886856    103.5958252      5.0000000
    29.4889526    103.6267395      5.0000000
    29.5010147    102.5746460      5.0000000
    29.5119972    103.2551880      5.0000000
    29.5153236    103.5645752      5.0000000
    29.5156059    103.5954895      5.0000000
    29.5273170    102.5429993      5.0000000
    29.5279274    102.5739441      5.0000000
    29.5389214    103.2547302      5.0000000
    29.5422630    103.5642395      5.0000000
    29.5425377    103.5951843      5.0000000
    29.5427971    103.6261292      5.0000000
    29.5542297    102.5422974      5.0000000
    29.5548439    102.5732422      5.0000000
    29.5658531    103.2542725      5.0000000
    29.5694618    103.5948792      5.0000000
    29.5697212    103.6258545      5.0000000
    29.5817833    102.5725403      5.0000000
    29.5823898    102.6035156      5.0000000
    29.5927773    103.2538452      5.0000000
    29.5963974    103.5945740      5.0000000
    29.5966568    103.6255493      5.0000000
    29.6087074    102.5718384      5.0000000
    29.6093216    102.6028137      5.0000000
    29.6197090    103.2533875      5.0000000
    29.6200981    103.2843933      5.0000000
    29.6235886    103.6252441      5.0000000
    29.6362534    102.6021118      5.0000000
    29.6368523    102.6330872      5.0000000
    29.6470299    103.2839355      5.0000000
    29.6474152    103.3149414      5.0000000
    29.6505432    103.6249390      5.0000000
    29.6507874    103.6559448      5.0000000
    29.6631927    102.6014099      5.0000000
    29.6637840    102.6324158      5.0000000
    29.6743469    103.3145142      5.0000000
    29.6774788    103.6246338      5.0000000
    29.6777344    103.6556396      5.0000000
    29.6779785    103.6866760      5.0000000
    29.6901283    102.6007080      5.0000000
    29.6907310    102.6317139      5.0000000
    29.7012978    103.3141174      5.0000000
    29.7016525    103.3451233      5.0000000
    29.7049294    103.6864014      5.0000000
    29.7051544    103.7174072      5.0000000
    29.7170677    102.6000061      5.0000000
    29.7176704    102.6310425      5.0000000
    29.7182579    102.6620483      5.0000000
    29.7188377    102.6930847      5.0000000
    29.7194023    102.7241211      5.0000000
    29.7285957    103.3447266      5.0000000
    29.7289467    103.3757629      5.0000000
    29.7321129    103.7171631      5.0000000
    29.7446136    102.6303711      5.0000000
    29.7457886    102.6924438      5.0000000
    29.7463570    102.7234497      5.0000000
    29.7469101    102.7545166      5.0000000
    29.7559052    103.3753662      5.0000000
    29.7562447    103.4064026      5.0000000
    29.7590675    103.7168884      5.0000000
    29.7592926    103.7479248      5.0000000
    29.7715607    102.6296692      5.0000000
    29.7721519    102.6607056      5.0000000
    29.7738686    102.7538757      5.0000000
    29.7831993    103.4060059      5.0000000
    29.7835274    103.4370728      5.0000000
    29.7862358    103.7476807      5.0000000
    29.7864609    103.7787476      5.0000000
    29.7991104    102.6600342      5.0000000
    29.8013649    102.7843018      5.0000000
    29.8019142    102.8153687      5.0000000
    29.8104897    103.4367065      5.0000000
    29.8134155    103.7785034      5.0000000
    29.8168373    102.2243958      5.0000000
    29.8175545    102.2554626      5.0000000
    29.8182793    102.2865295      5.0000000
    29.8260651    102.6593628      5.0000000
    29.8266449    102.6904297      5.0000000
    29.8288651    102.8147278      5.0000000
    29.8293953    102.8458252      5.0000000
    29.8374481    103.4363403      5.0000000
    29.8377647    103.4674072      5.0000000
    29.8380775    103.4985046      5.0000000
    29.8403816    103.7782593      5.0000000
    29.8437805    102.2235718      5.0000000
    29.8445129    102.2546387      5.0000000
    29.8452301    102.2857056      5.0000000
    29.8459396    102.3167725      5.0000000
    29.8535957    102.6897583      5.0000000
    29.8563499    102.8452148      5.0000000
    29.8650360    103.4981384      5.0000000
    29.8653374    103.5292358      5.0000000
    29.8656235    103.5603333      5.0000000
    29.8673515    103.7780151      5.0000000
    29.8675575    103.8091125      5.0000000
    29.8700027    102.1916199      5.0000000
    29.8707466    102.2227173      5.0000000
    29.8728905    102.3159790      5.0000000
    29.8735886    102.3470764      5.0000000
    29.8742867    102.3781738      5.0000000
    29.8805618    102.6891174      5.0000000
    29.8811340    102.7202148      5.0000000
    29.8833160    102.8446045      5.0000000
    29.8925896    103.5599976      5.0000000
    29.8928642    103.5911255      5.0000000
    29.8941078    103.7466736      5.0000000
    29.8943100    103.7777710      5.0000000
    29.8945236    103.8088989      5.0000000
    29.8969612    102.1907654      5.0000000
    29.8977051    102.2218628      5.0000000
    29.9012375    102.3773804      5.0000000
    29.9081001    102.7195435      5.0000000
    29.9086609    102.7506714      5.0000000
    29.9102821    102.8439941      5.0000000
    29.9198494    103.5908203      5.0000000
    29.9201088    103.6219177      5.0000000
    29.9203529    103.6530457      5.0000000
    29.9206161    103.6841736      5.0000000
    29.9208527    103.7153015      5.0000000
    29.9210777    103.7463989      5.0000000
    29.9212837    103.7775269      5.0000000
    29.9246712    102.2210083      5.0000000
    29.9282036    102.3765869      5.0000000
    29.9288788    102.4077148      5.0000000
    29.9361801    102.7811584      5.0000000
    29.9367142    102.8122559      5.0000000
    29.9372444    102.8433838      5.0000000
    29.9482765    103.7772827      5.0000000
    29.9484673    103.8084106      5.0000000
    29.9486656    103.8395691      5.0000000
    29.9488487    103.8706970      5.0000000
    29.9490204    103.9018250      5.0000000
    29.9491844    103.9329834      5.0000000
    29.9493408    103.9641113      5.0000000
    29.9494858    103.9952393      5.0000000
    29.9496078    104.0263672      5.0000000
    29.9497299    104.0574951      5.0000000
    29.9498405    104.0886536      5.0000000
    29.9499359    104.1197815      5.0000000
    29.9500313    104.1509094      5.0000000
    29.9501076    104.1820679      5.0000000
    29.9501686    104.2131958      5.0000000
    29.9508934    102.1890564      5.0000000
    29.9516373    102.2201538      5.0000000
    29.9558525    102.4069214      5.0000000
    29.9565201    102.4380493      5.0000000
    29.9636917    102.8116455      5.0000000
    29.9642258    102.8427734      5.0000000
    29.9756470    103.8393555      5.0000000
    29.9760017    103.9016418      5.0000000
    29.9761658    103.9328003      5.0000000
    29.9771461    104.2131042      5.0000000
    29.9772148    104.2442627      5.0000000
    29.9778633    102.1881714      5.0000000
    29.9786034    102.2193298      5.0000000
    29.9834938    102.4373169      5.0000000
    29.9841499    102.4684448      5.0000000
    29.9847832    102.4995728      5.0000000
    29.9906731    102.8110352      5.0000000
    29.9912033    102.8421936      5.0000000
    29.9927406    102.9356384      5.0000000
    30.0031433    103.9326172      5.0000000
    30.0041962    104.2442017      5.0000000
    30.0042419    104.2753601      5.0000000
    30.0042763    104.3065186      5.0000000
    30.0043030    104.3376770      5.0000000
    30.0012932    105.1478271      5.0000000
    30.0048294    102.1873169      5.0000000
    30.0123978    102.5299988      5.0000000
    30.0130272    102.5611572      5.0000000
    30.0136414    102.5923157      5.0000000
    30.0181770    102.8415833      5.0000000
    30.0187035    102.8727417      5.0000000
    30.0192070    102.9039001      5.0000000
    30.0197067    102.9350586      5.0000000
    30.0201988    102.9662170      5.0000000
    30.0301247    103.9324341      5.0000000
    30.0312920    104.3376465      5.0000000
    30.0313110    104.3688354      5.0000000
    30.0313110    104.3999939      5.0000000
    30.0313110    104.4311829      5.0000000
    30.0312920    104.4623413      5.0000000
    30.0312653    104.4935303      5.0000000
    30.0310669    102.1553040      5.0000000
    30.0318108    102.1864624      5.0000000
    30.0406265    102.5916138      5.0000000
    30.0412216    102.6227722      5.0000000
    30.0451622    102.8409729      5.0000000
    30.0456734    102.8721313      5.0000000
    30.0476608    102.9968262      5.0000000
    30.0481262    103.0280151      5.0000000
    30.0485840    103.0592041      5.0000000
    30.0490303    103.0903625      5.0000000
    30.0494652    103.1215515      5.0000000
    30.0498886    103.1527100      5.0000000
    30.0503120    103.1838989      5.0000000
    30.0507088    103.2150879      5.0000000
    30.0571213    103.9322510      5.0000000
    30.0572739    103.9634399      5.0000000
    30.0582581    104.4935608      5.0000000
    30.0582161    104.5247498      5.0000000
    30.0581589    104.5559082      5.0000000
    30.0580368    102.1544189      5.0000000
    30.0682068    102.6220703      5.0000000
    30.0688019    102.6532593      5.0000000
    30.0726662    102.8715515      5.0000000
    30.0731812    102.9027405      5.0000000
    30.0736771    102.9339294      5.0000000
    30.0780983    103.2457886      5.0000000
    30.0784798    103.2769775      5.0000000
    30.0795746    103.3705750      5.0000000
    30.0799065    103.4017639      5.0000000
    30.0802307    103.4329529      5.0000000
    30.0842590    103.9632568      5.0000000
    30.0851593    104.5559692      5.0000000
    30.0850220    102.1535645      5.0000000
    30.0963669    102.6837769      5.0000000
    30.0969505    102.7149658      5.0000000
    30.0975113    102.7461548      5.0000000
    30.0980644    102.7773743      5.0000000
    30.0986023    102.8085632      5.0000000
    30.1006660    102.9333496      5.0000000
    30.1058502    103.3077698      5.0000000
    30.1062126    103.3389587      5.0000000
    30.1065598    103.3701782      5.0000000
    30.1072350    103.4325562      5.0000000
    30.1075554    103.4637756      5.0000000
    30.1078720    103.4949951      5.0000000
    30.1112518    103.9630737      5.0000000
    30.1121597    104.5560303      5.0000000
    30.1255951    102.8079224      5.0000000
    30.1261330    102.8391418      5.0000000
    30.1276588    102.9327698      5.0000000
    30.1348648    103.4946289      5.0000000
    30.1351585    103.5258484      5.0000000
    30.1382599    103.9629211      5.0000000
    30.1383896    103.9941406      5.0000000
    30.1392021    104.5249023      5.0000000
    30.1391525    104.5560913      5.0000000
    30.1531258    102.8385315      5.0000000
    30.1536484    102.8697510      5.0000000
    30.1546516    102.9321899      5.0000000
    30.1551476    102.9634399      5.0000000
    30.1624527    103.5567322      5.0000000
    30.1627235    103.5879517      5.0000000
    30.1654015    103.9939575      5.0000000
    30.1661987    104.5249329      5.0000000
    30.1806450    102.8691711      5.0000000
    30.1811600    102.9003906      5.0000000
    30.1821480    102.9628601      5.0000000
    30.1897316    103.5876465      5.0000000
    30.1900024    103.6188965      5.0000000
    30.1924095    103.9938049      5.0000000
    30.1925316    104.0250549      5.0000000
    30.1927719    104.0875549      5.0000000
    30.1932068    104.5249939      5.0000000
    30.2081566    102.8998108      5.0000000
    30.2086487    102.9310608      5.0000000
    30.2096252    102.9935608      5.0000000
    30.2170029    103.6185913      5.0000000
    30.2172623    103.6498413      5.0000000
    30.2175140    103.6810913      5.0000000
    30.2195435    104.0249023      5.0000000
    30.2202148    104.5250244      5.0000000
    30.2356720    102.9304810      5.0000000
    30.2361488    102.9617310      5.0000000
    30.2366409    102.9930115      5.0000000
    30.2370987    103.0242615      5.0000000
    30.2445221    103.6808167      5.0000000
    30.2447548    103.7120972      5.0000000
    30.2465515    104.0247803      5.0000000
    30.2472267    104.5250854      5.0000000
    30.2636414    102.9924622      5.0000000
    30.2641106    103.0237427      5.0000000
    30.2645683    103.0549927      5.0000000
    30.2650185    103.0862732      5.0000000
    30.2717743    103.7118225      5.0000000
    30.2719917    103.7431030      5.0000000
    30.2722130    103.7743835      5.0000000
    30.2735634    104.0246277      5.0000000
    30.2736816    104.0559082      5.0000000
    30.2742805    104.4938354      5.0000000
    30.2742424    104.5251465      5.0000000
    30.2911301    103.0231934      5.0000000
    30.2915840    103.0544739      5.0000000
    30.2920265    103.0857544      5.0000000
    30.2924690    103.1170654      5.0000000
    30.2992325    103.7741394      5.0000000
    30.2994385    103.8054199      5.0000000
    30.3007088    104.0557861      5.0000000
    30.3012962    104.4938965      5.0000000
    30.3190346    103.0852661      5.0000000
    30.3194923    103.1165466      5.0000000
    30.3199158    103.1478271      5.0000000
    30.3264656    103.8051758      5.0000000
    30.3266411    103.8364868      5.0000000
    30.3268318    103.8677979      5.0000000
    30.3277206    104.0556335      5.0000000
    30.3283234    104.4939270      5.0000000
    30.3465118    103.1160278      5.0000000
    30.3469276    103.1473389      5.0000000
    30.3473511    103.1786499      5.0000000
    30.3538666    103.8675842      5.0000000
    30.3540382    103.8989258      5.0000000
    30.3547401    104.0554810      5.0000000
    30.3553696    104.4626465      5.0000000
    30.3743706    103.1781921      5.0000000
    30.3747826    103.2095032      5.0000000
    30.3812294    103.9300537      5.0000000
    30.3813782    103.9613647      5.0000000
    30.3815079    103.9927063      5.0000000
    30.3816528    104.0240479      5.0000000
    30.3817749    104.0553589      5.0000000
    30.3818855    104.0867004      5.0000000
    30.3819885    104.1180420      5.0000000
    30.3823967    104.4626465      5.0000000
    30.3739548    105.6531372      5.0000000
    30.3735237    105.6844482      5.0000000
    30.3730812    105.7157898      5.0000000
    30.4018021    103.2090454      5.0000000
    30.4022026    103.2403870      5.0000000
    30.4082642    103.9298706      5.0000000
    30.4084053    103.9612122      5.0000000
    30.4085503    103.9925537      5.0000000
    30.4086800    104.0238953      5.0000000
    30.4090195    104.1179199      5.0000000
    30.4091034    104.1492615      5.0000000
    30.4093132    104.2432861      5.0000000
    30.4093628    104.2746277      5.0000000
    30.4094086    104.3059692      5.0000000
    30.4094238    104.3373108      5.0000000
    30.4094391    104.3686523      5.0000000
    30.4094429    104.3999939      5.0000000
    30.4094391    104.4313354      5.0000000
    30.4094238    104.4626770      5.0000000
    30.4018021    105.5909424      5.0000000
    30.4014053    105.6222839      5.0000000
    30.4001160    105.7163086      5.0000000
    30.4292297    103.2399292      5.0000000
    30.4296150    103.2712708      5.0000000
    30.4351196    103.8983154      5.0000000
    30.4352760    103.9296875      5.0000000
    30.4354401    103.9610291      5.0000000
    30.4355850    103.9923706      5.0000000
    30.4361382    104.1491699      5.0000000
    30.4362106    104.1805115      5.0000000
    30.4362946    104.2118530      5.0000000
    30.4363403    104.2432251      5.0000000
    30.4364700    104.4313660      5.0000000
    30.4364586    104.4627075      5.0000000
    30.4292297    105.5600586      5.0000000
    30.4288292    105.5914307      5.0000000
    30.4271393    105.7167969      5.0000000
    30.4566536    103.2708435      5.0000000
    30.4570313    103.3021851      5.0000000
    30.4619827    103.8667603      5.0000000
    30.4621658    103.8981323      5.0000000
    30.4632607    104.1804199      5.0000000
    30.4633217    104.2117920      5.0000000
    30.4633827    104.2431641      5.0000000
    30.4634247    104.2745361      5.0000000
    30.4634705    104.3059082      5.0000000
    30.4566536    105.5291748      5.0000000
    30.4562721    105.5605164      5.0000000
    30.4537239    105.7486877      5.0000000
    30.4840584    103.3017578      5.0000000
    30.4844246    103.3331299      5.0000000
    30.4888382    103.8351746      5.0000000
    30.4890289    103.8665466      5.0000000
    30.4903603    104.2117310      5.0000000
    30.4904213    104.2431030      5.0000000
    30.4905128    104.3058472      5.0000000
    30.4905319    104.3372498      5.0000000
    30.4807587    105.7492065      5.0000000
    30.4802933    105.7805786      5.0000000
    30.4798241    105.8119507      5.0000000
    30.5114670    103.3327332      5.0000000
    30.5118217    103.3641052      5.0000000
    30.5121651    103.3955078      5.0000000
    30.5145416    103.6466064      5.0000000
    30.5147934    103.6779785      5.0000000
    30.5150261    103.7093811      5.0000000
    30.5152588    103.7407837      5.0000000
    30.5154686    103.7721558      5.0000000
    30.5156822    103.8035583      5.0000000
    30.5158730    103.8349609      5.0000000
    30.5175743    104.3372192      5.0000000
    30.5175858    104.3685913      5.0000000
    30.5068626    105.8125000      5.0000000
    30.5063782    105.8439026      5.0000000
    30.5388641    103.3637085      5.0000000
    30.5392189    103.3951111      5.0000000
    30.5395470    103.4265137      5.0000000
    30.5413208    103.6148987      5.0000000
    30.5415878    103.6463013      5.0000000
    30.5418396    103.6777039      5.0000000
    30.5420647    103.7091064      5.0000000
    30.5446281    104.3685913      5.0000000
    30.5446396    104.3999939      5.0000000
    30.5329323    105.8758545      5.0000000
    30.5324135    105.9072571      5.0000000
    30.5319099    105.9386597      5.0000000
    30.5313835    105.9700317      5.0000000
    30.5308456    106.0014343      5.0000000
    30.5132027    106.8174438      5.0000000
    30.5665855    103.4261169      5.0000000
    30.5669136    103.4575195      5.0000000
    30.5681038    103.5831909      5.0000000
    30.5683708    103.6145935      5.0000000
    30.5716896    104.3999939      5.0000000
    30.5716820    104.4314270      5.0000000
    30.5578842    106.0020447      5.0000000
    30.5573311    106.0334473      5.0000000
    30.5410500    106.7869873      5.0000000
    30.5402336    106.8183594      5.0000000
    30.5394096    106.8497620      5.0000000
    30.5939598    103.4571533      5.0000000
    30.5951500    103.5828857      5.0000000
    30.5987358    104.3999939      5.0000000
    30.5843925    106.0341187      5.0000000
    30.5838242    106.0655212      5.0000000
    30.5688744    106.7565308      5.0000000
    30.5680809    106.7879333      5.0000000
    30.5664482    106.8507080      5.0000000
    30.5656166    106.8821411      5.0000000
    30.6210098    103.4567871      5.0000000
    30.6213303    103.4882202      5.0000000
    30.6221962    103.5825500      5.0000000
    30.6257896    104.3685608      5.0000000
    30.6257973    104.3999939      5.0000000
    30.6108742    106.0661621      5.0000000
    30.6103058    106.0975952      5.0000000
    30.6097260    106.1290283      5.0000000
    30.5974922    106.6946106      5.0000000
    30.5967064    106.7260132      5.0000000
    30.5959206    106.7574463      5.0000000
    30.5934753    106.8516846      5.0000000
    30.5926514    106.8830872      5.0000000
    30.5918045    106.9144897      5.0000000
    30.6483765    103.4878845      5.0000000
    30.6486855    103.5193176      5.0000000
    30.6489792    103.5507813      5.0000000
    30.6492653    103.5822144      5.0000000
    30.6528397    104.3370972      5.0000000
    30.6528397    104.3685303      5.0000000
    30.6367798    106.1296997      5.0000000
    30.6275444    106.5697937      5.0000000
    30.6268158    106.6012268      5.0000000
    30.6260643    106.6326599      5.0000000
    30.6253052    106.6640930      5.0000000
    30.6245422    106.6955261      5.0000000
    30.6196976    106.8840637      5.0000000
    30.6188431    106.9154968      5.0000000
    30.6179962    106.9468994      5.0000000
    30.6171227    106.9783325      5.0000000
    30.6162491    107.0097656      5.0000000
    30.6153603    107.0411987      5.0000000
    30.6760330    103.5504456      5.0000000
    30.6763191    103.5819092      5.0000000
    30.6798935    104.3370667      5.0000000
    30.6638260    106.1303711      5.0000000
    30.6632385    106.1618347      5.0000000
    30.6560402    106.5077515      5.0000000
    30.6553230    106.5392151      5.0000000
    30.6546059    106.5706482      5.0000000
    30.6458931    106.9164734      5.0000000
    30.6450386    106.9479370      5.0000000
    30.6432877    107.0108032      5.0000000
    30.6424026    107.0422363      5.0000000
    30.6415062    107.0736389      5.0000000
    30.6405983    107.1050720      5.0000000
    30.6396751    107.1365051      5.0000000
    30.6387482    107.1679382      5.0000000
    30.6378098    107.1993713      5.0000000
    30.7033806    103.5815735      5.0000000
    30.7069244    104.3055725      5.0000000
    30.7069550    104.3370361      5.0000000
    30.6902885    106.1625366      5.0000000
    30.6896935    106.1940002      5.0000000
    30.6845016    106.4456787      5.0000000
    30.6838074    106.4771423      5.0000000
    30.6831017    106.5086060      5.0000000
    30.6720772    106.9489136      5.0000000
    30.6648521    107.2004700      5.0000000
    30.6638947    107.2319031      5.0000000
    30.6629410    107.2633362      5.0000000
    30.7304420    103.5812683      5.0000000
    30.7340012    104.3055420      5.0000000
    30.7167397    106.1947021      5.0000000
    30.7122383    106.4150085      5.0000000
    30.7115517    106.4464722      5.0000000
    30.6982651    106.9813843      5.0000000
    30.6899796    107.2644653      5.0000000
    30.6890106    107.2959290      5.0000000
    30.6880264    107.3273621      5.0000000
    30.6870308    107.3588257      5.0000000
    30.7575035    103.5809326      5.0000000
    30.7577782    103.6124268      5.0000000
    30.7610626    104.3054810      5.0000000
    30.7432022    106.2268982      5.0000000
    30.7406464    106.3528442      5.0000000
    30.7399788    106.3843079      5.0000000
    30.7392998    106.4158020      5.0000000
    30.7253075    106.9823914      5.0000000
    30.7140846    107.3599854      5.0000000
    30.7130661    107.3914490      5.0000000
    30.7120552    107.4229126      5.0000000
    30.7848587    103.6121216      5.0000000
    30.7851105    103.6436462      5.0000000
    30.7881355    104.3054504      5.0000000
    30.7702637    106.2276001      5.0000000
    30.7696419    106.2590942      5.0000000
    30.7690125    106.2905884      5.0000000
    30.7683640    106.3221130      5.0000000
    30.7677078    106.3536072      5.0000000
    30.7514915    107.0148926      5.0000000
    30.7391014    107.4240723      5.0000000
    30.8121872    103.6433411      5.0000000
    30.8124390    103.6748657      5.0000000
    30.8152199    104.3054199      5.0000000
    30.8152466    104.3369446      5.0000000
    30.7973366    106.2283325      5.0000000
    30.7947769    106.3543701      5.0000000
    30.7941055    106.3858643      5.0000000
    30.7934227    106.4173889      5.0000000
    30.7927399    106.4489136      5.0000000
    30.7785530    107.0159302      5.0000000
    30.7776527    107.0474243      5.0000000
    30.8395157    103.6745911      5.0000000
    30.8397598    103.7061157      5.0000000
    30.8423157    104.3369141      5.0000000
    30.8243980    106.2290649      5.0000000
    30.8198090    106.4497070      5.0000000
    30.8191185    106.4812317      5.0000000
    30.8139267    106.7018433      5.0000000
    30.8047142    107.0484619      5.0000000
    30.8668404    103.7058411      5.0000000
    30.8670616    103.7373962      5.0000000
    30.8672905    103.7689514      5.0000000
    30.8694038    104.3369141      5.0000000
    30.8694153    104.3684387      5.0000000
    30.8514671    106.2297668      5.0000000
    30.8461876    106.4820557      5.0000000
    30.8454704    106.5135803      5.0000000
    30.8447456    106.5451050      5.0000000
    30.8440132    106.5766296      5.0000000
    30.8432846    106.6081543      5.0000000
    30.8425255    106.6397095      5.0000000
    30.8417625    106.6712036      5.0000000
    30.8409882    106.7027588      5.0000000
    30.8402100    106.7342834      5.0000000
    30.8394127    106.7658081      5.0000000
    30.8386002    106.7973328      5.0000000
    30.8377914    106.8288574      5.0000000
    30.8369675    106.8603821      5.0000000
    30.8317833    107.0494995      5.0000000
    30.8943672    103.7687073      5.0000000
    30.8945770    103.8002625      5.0000000
    30.8965034    104.3684387      5.0000000
    30.8965034    104.3999939      5.0000000
    30.8785477    106.2304993      5.0000000
    30.8640289    106.8613281      5.0000000
    30.8632011    106.8928833      5.0000000
    30.8623466    106.9244080      5.0000000
    30.8588486    107.0505371      5.0000000
    30.8579407    107.0820923      5.0000000
    30.9216690    103.8000183      5.0000000
    30.9235916    104.3999939      5.0000000
    30.9235878    104.4315796      5.0000000
    30.9062386    106.1996460      5.0000000
    30.9056282    106.2312012      5.0000000
    30.8894157    106.9254150      5.0000000
    30.8885460    106.9569702      5.0000000
    30.8876877    106.9884949      5.0000000
    30.8868065    107.0200500      5.0000000
    30.8859100    107.0515747      5.0000000
    30.8850098    107.0831299      5.0000000
    30.9487495    103.7998047      5.0000000
    30.9489555    103.8313904      5.0000000
    30.9506760    104.4315796      5.0000000
    30.9506683    104.4631958      5.0000000
    30.9464951    105.2844849      5.0000000
    30.9461861    105.3161011      5.0000000
    30.9458809    105.3476563      5.0000000
    30.9455528    105.3792725      5.0000000
    30.9452171    105.4108276      5.0000000
    30.9448624    105.4424438      5.0000000
    30.9441299    105.5056152      5.0000000
    30.9437561    105.5371704      5.0000000
    30.9433670    105.5687866      5.0000000
    30.9429626    105.6003418      5.0000000
    30.9408112    105.7582703      5.0000000
    30.9383736    105.9161682      5.0000000
    30.9378548    105.9477539      5.0000000
    30.9373283    105.9793091      5.0000000
    30.9367905    106.0108948      5.0000000
    30.9362373    106.0424805      5.0000000
    30.9356766    106.0740662      5.0000000
    30.9350967    106.1056213      5.0000000
    30.9345207    106.1372070      5.0000000
    30.9339218    106.1687927      5.0000000
    30.9333191    106.2003479      5.0000000
    30.9129868    107.0526428      5.0000000
    30.9120827    107.0841980      5.0000000
    30.9111748    107.1157532      5.0000000
    30.9760437    103.8311462      5.0000000
    30.9777718    104.4316101      5.0000000
    30.9777641    104.4631958      5.0000000
    30.9741631    105.2216492      5.0000000
    30.9738770    105.2532349      5.0000000
    30.9735832    105.2848511      5.0000000
    30.9726334    105.3796387      5.0000000
    30.9722977    105.4112549      5.0000000
    30.9719582    105.4428406      5.0000000
    30.9715881    105.4744263      5.0000000
    30.9712334    105.5060425      5.0000000
    30.9708443    105.5376282      5.0000000
    30.9700584    105.6008301      5.0000000
    30.9696503    105.6324158      5.0000000
    30.9692268    105.6640015      5.0000000
    30.9687881    105.6956177      5.0000000
    30.9683533    105.7272034      5.0000000
    30.9678955    105.7587891      5.0000000
    30.9674225    105.7904053      5.0000000
    30.9669571    105.8219910      5.0000000
    30.9664650    105.8535767      5.0000000
    30.9659691    105.8851624      5.0000000
    30.9654617    105.9167480      5.0000000
    30.9649429    105.9483643      5.0000000
    30.9391518    107.0852661      5.0000000
    30.9382439    107.1168213      5.0000000
    30.9373207    107.1483765      5.0000000
    31.0027428    103.7677002      5.0000000
    31.0029449    103.7993164      5.0000000
    31.0031433    103.8309326      5.0000000
    31.0048523    104.4632263      5.0000000
    31.0020370    105.1271362      5.0000000
    31.0017929    105.1587524      5.0000000
    31.0015335    105.1903687      5.0000000
    31.0012512    105.2219849      5.0000000
    30.9963074    105.6645203      5.0000000
    30.9653244    107.1178894      5.0000000
    30.9643974    107.1494751      5.0000000
    31.0283546    103.5776978      5.0000000
    31.0286293    103.6093140      5.0000000
    31.0296135    103.7358398      5.0000000
    31.0298309    103.7674561      5.0000000
    31.0302467    103.8307190      5.0000000
    31.0304260    103.8623352      5.0000000
    31.0306015    103.8939514      5.0000000
    31.0307732    103.9255981      5.0000000
    31.0309296    103.9572144      5.0000000
    31.0310669    103.9888306      5.0000000
    31.0311966    104.0204773      5.0000000
    31.0313263    104.0520935      5.0000000
    31.0314407    104.0837402      5.0000000
    31.0319557    104.4632568      5.0000000
    31.0319328    104.4948730      5.0000000
    31.0296135    105.0641785      5.0000000
    31.0293846    105.0957947      5.0000000
    31.0291405    105.1274414      5.0000000
    30.9914780    107.1505432      5.0000000
    30.9905357    107.1821289      5.0000000
    30.9876747    107.2769165      5.0000000
    31.0557289    103.6090088      5.0000000
    31.0559959    103.6406555      5.0000000
    31.0562439    103.6723022      5.0000000
    31.0564804    103.7039185      5.0000000
    31.0567131    103.7355652      5.0000000
    31.0585365    104.0835876      5.0000000
    31.0586395    104.1152344      5.0000000
    31.0587273    104.1468811      5.0000000
    31.0588112    104.1785278      5.0000000
    31.0590630    104.4632874      5.0000000
    31.0590363    104.4949341      5.0000000
    31.0571442    105.0011597      5.0000000
    31.0569305    105.0328064      5.0000000
    31.0567131    105.0644531      5.0000000
    31.0176239    107.1832275      5.0000000
    31.0166817    107.2148438      5.0000000
    31.0157204    107.2464600      5.0000000
    31.0147476    107.2780457      5.0000000
    31.0137787    107.3096313      5.0000000
    31.0127831    107.3412476      5.0000000
    31.0855370    104.0518188      5.0000000
    31.0857544    104.1151123      5.0000000
    31.0858383    104.1467896      5.0000000
    31.0859261    104.1784363      5.0000000
    31.0859871    104.2100830      5.0000000
    31.0860481    104.2417297      5.0000000
    31.0861397    104.4949646      5.0000000
    31.0844460    104.9697266      5.0000000
    31.0842514    105.0014038      5.0000000
    31.0840416    105.0330505      5.0000000
    31.0398636    107.3424072      5.0000000
    31.0388680    107.3740234      5.0000000
    31.1131592    104.2416687      5.0000000
    31.1132393    104.4949951      5.0000000
    31.1119156    104.9066467      5.0000000
    31.1117363    104.9382935      5.0000000
    31.1115532    104.9699707      5.0000000
    31.1402664    104.2416077      5.0000000
    31.1403160    104.2732849      5.0000000
    31.1403618    104.4950256      5.0000000
    31.1393471    104.8435059      5.0000000
    31.1391945    104.8751831      5.0000000
    31.1390381    104.9068604      5.0000000
    31.1674309    104.2732544      5.0000000
    31.1674728    104.3049316      5.0000000
    31.1674728    104.4950562      5.0000000
    31.1667404    104.7802734      5.0000000
    31.1666107    104.8119812      5.0000000
    31.1664696    104.8436584      5.0000000
    31.1663094    104.8753662      5.0000000
    31.1945877    104.3049011      5.0000000
    31.1946220    104.3366089      5.0000000
    31.1945877    104.4951172      5.0000000
    31.1941032    104.7170410      5.0000000
    31.1939812    104.7487183      5.0000000
    31.1938629    104.7804260      5.0000000
    31.2217369    104.3365784      5.0000000
    31.2217598    104.3682861      5.0000000
    31.2217598    104.3999939      5.0000000
    31.2217102    104.4951477      5.0000000
    31.2213211    104.6854248      5.0000000
    31.2212181    104.7171631      5.0000000
    31.2211113    104.7488708      5.0000000
    31.2488823    104.3999939      5.0000000
    31.2488747    104.4317322      5.0000000
    31.2488594    104.4634399      5.0000000
    31.2488327    104.4951782      5.0000000
    31.2487907    104.5269165      5.0000000
    31.2487450    104.5586548      5.0000000
    31.2486229    104.6221008      5.0000000
    31.2485313    104.6538086      5.0000000
    31.2484512    104.6855469      5.0000000
    31.2760048    104.4317322      5.0000000
    31.2759628    104.4952393      5.0000000
    31.2759209    104.5269775      5.0000000
    31.2758827    104.5587158      5.0000000
    31.2758179    104.5904541      5.0000000
    31.2757378    104.6221924      5.0000000
    31.3031197    104.4635010      5.0000000
    31.3030853    104.4952698      5.0000000
    31.3030510    104.5270081      5.0000000
    31.3030052    104.5587769      5.0000000
    31.3026085    104.7175293      5.0000000
    31.3024826    104.7492676      5.0000000
    31.3023682    104.7810364      5.0000000
    31.3302498    104.4635315      5.0000000
    31.3301315    104.5588379      5.0000000
    31.3300781    104.5906067      5.0000000
    31.3300018    104.6223755      5.0000000
    31.3299294    104.6541138      5.0000000
    31.3298340    104.6859131      5.0000000
    31.3297386    104.7176514      5.0000000
    31.3296280    104.7494202      5.0000000
    31.3294983    104.7811890      5.0000000
    31.3293686    104.8129578      5.0000000
    31.3292160    104.8447266      5.0000000
    31.3290596    104.8764954      5.0000000
    31.3288918    104.9082642      5.0000000
    31.3573914    104.4317627      5.0000000
    31.3573914    104.4635620      5.0000000
    31.3572769    104.5588989      5.0000000
    31.3572159    104.5906677      5.0000000
    31.3560257    104.9084473      5.0000000
    31.3845367    104.4317932      5.0000000
    31.3844070    104.5589600      5.0000000
    31.3843498    104.5907593      5.0000000
    31.3831711    104.9086609      5.0000000
    31.3829842    104.9404297      5.0000000
    31.4116783    104.4318237      5.0000000
    31.4116669    104.4636230      5.0000000
    31.4116020    104.5272217      5.0000000
    31.4115562    104.5590210      5.0000000
    31.4109154    104.7816467      5.0000000
    31.4101295    104.9406738      5.0000000
    31.4388084    104.4636230      5.0000000
    31.4387474    104.5272827      5.0000000
    31.4386978    104.5590820      5.0000000
    31.4370804    104.9726868      5.0000000
    31.4659729    104.4318237      5.0000000
    31.4659576    104.4636536      5.0000000
    31.4658890    104.5273132      5.0000000
    31.4658432    104.5591431      5.0000000
    31.4657860    104.5909729      5.0000000
    31.4656296    104.6546326      5.0000000
    31.4642296    104.9729004      5.0000000
    31.4931221    104.4318542      5.0000000
    31.4930801    104.4955444      5.0000000
    31.4930458    104.5273743      5.0000000
    31.4929390    104.5910645      5.0000000
    31.4928627    104.6228943      5.0000000
    31.4913788    104.9731445      5.0000000
    31.4911766    105.0049744      5.0000000
    31.5202713    104.4318542      5.0000000
    31.5202293    104.4955750      5.0000000
    31.5201950    104.5274048      5.0000000
    31.5200195    104.6229858      5.0000000
    31.5199356    104.6548462      5.0000000
    31.5183334    105.0052185      5.0000000
    31.5474281    104.4318848      5.0000000
    31.5473862    104.4956055      5.0000000
    31.5473480    104.5274658      5.0000000
    31.5470924    104.6549377      5.0000000
    31.5454826    105.0054626      5.0000000
    31.5452690    105.0373230      5.0000000
    31.5450668    105.0692139      5.0000000
    31.5745926    104.4318848      5.0000000
    31.5745087    104.5275269      5.0000000
    31.5742493    104.6550293      5.0000000
    31.5741615    104.6869202      5.0000000
    31.5719833    105.1013489      5.0000000
    31.5717392    105.1332092      5.0000000
    31.6017494    104.4318848      5.0000000
    31.6015587    104.5913696      5.0000000
    31.6014900    104.6232300      5.0000000
    31.6014061    104.6551514      5.0000000
    31.6013184    104.6870422      5.0000000
    31.6012230    104.7189331      5.0000000
    31.6011009    104.7508240      5.0000000
    31.5988960    105.1335144      5.0000000
    31.5986404    105.1654053      5.0000000
    31.5983734    105.1972961      5.0000000
    31.6289139    104.4319153      5.0000000
    31.6288300    104.5276184      5.0000000
    31.6287842    104.5595093      5.0000000
    31.6287231    104.5914307      5.0000000
    31.6282654    104.7509460      5.0000000
    31.6281395    104.7828674      5.0000000
    31.6255379    105.1976013      5.0000000
    31.6252518    105.2294922      5.0000000
    31.6560898    104.4319153      5.0000000
    31.6554337    104.7510986      5.0000000
    31.6553116    104.7830200      5.0000000
    31.6551666    104.8149414      5.0000000
    31.6524277    105.2298279      5.0000000
    31.6816978    103.8571777      5.0000000
    31.6832542    104.4319458      5.0000000
    31.6826057    104.7512207      5.0000000
    31.6824760    104.7831726      5.0000000
    31.6823463    104.8150940      5.0000000
    31.6821938    104.8470154      5.0000000
    31.6795998    105.2301636      5.0000000
    31.7088585    103.8569641      5.0000000
    31.7090378    103.8889160      5.0000000
    31.7092094    103.9208374      5.0000000
    31.7104225    104.4319458      5.0000000
    31.7098923    104.7194214      5.0000000
    31.7096519    104.7833252      5.0000000
    31.7095146    104.8152466      5.0000000
    31.7093735    104.8471985      5.0000000
    31.7090378    104.9110718      5.0000000
    31.7067719    105.2304993      5.0000000
    31.7064819    105.2624512      5.0000000
    31.7360458    103.8567505      5.0000000
    31.7363853    103.9206543      5.0000000
    31.7365494    103.9526367      5.0000000
    31.7366867    103.9845581      5.0000000
    31.7368355    104.0165405      5.0000000
    31.7376099    104.4319458      5.0000000
    31.7366867    104.8154297      5.0000000
    31.7363853    104.8793335      5.0000000
    31.7336540    105.2627869      5.0000000
    31.7630310    103.8245850      5.0000000
    31.7632217    103.8565369      5.0000000
    31.7638702    103.9844055      5.0000000
    31.7639999    104.0163879      5.0000000
    31.7641296    104.0483398      5.0000000
    31.7642479    104.0803223      5.0000000
    31.7643547    104.1122742      5.0000000
    31.7647781    104.4319763      5.0000000
    31.7638702    104.8155823      5.0000000
    31.7635689    104.8795166      5.0000000
    31.7634010    104.9114990      5.0000000
    31.7608299    105.2631226      5.0000000
    31.7895737    103.7283936      5.0000000
    31.7898064    103.7603760      5.0000000
    31.7900085    103.7923584      5.0000000
    31.7902145    103.8243408      5.0000000
    31.7916298    104.1441650      5.0000000
    31.7917023    104.1761475      5.0000000
    31.7917786    104.2081299      5.0000000
    31.7919617    104.3999939      5.0000000
    31.7910538    104.8157654      5.0000000
    31.7907486    104.8797302      5.0000000
    31.7905769    104.9117126      5.0000000
    31.7880135    105.2634888      5.0000000
    31.7877159    105.2954407      5.0000000
    31.8165321    103.6961365      5.0000000
    31.8167572    103.7281494      5.0000000
    31.8189545    104.2080383      5.0000000
    31.8190193    104.2400208      5.0000000
    31.8190651    104.2720337      5.0000000
    31.8191071    104.3040161      5.0000000
    31.8191528    104.3999939      5.0000000
    31.8183746    104.7839355      5.0000000
    31.8182335    104.8159180      5.0000000
    31.8180962    104.8479004      5.0000000
    31.8179321    104.8799133      5.0000000
    31.8177605    104.9118958      5.0000000
    31.8175850    104.9439087      5.0000000
    31.8148918    105.2958069      5.0000000
    31.8145828    105.3277893      5.0000000
    31.8429451    103.5998535      5.0000000
    31.8432159    103.6318359      5.0000000
    31.8434677    103.6638489      5.0000000
    31.8437157    103.6958618      5.0000000
    31.8462982    104.3039856      5.0000000
    31.8463173    104.3359985      5.0000000
    31.8463326    104.3679810      5.0000000
    31.8463440    104.3999939      5.0000000
    31.8456879    104.7520752      5.0000000
    31.8455544    104.7840881      5.0000000
    31.8454247    104.8161011      5.0000000
    31.8447800    104.9441223      5.0000000
    31.8445816    104.9761353      5.0000000
    31.8417816    105.3281860      5.0000000
    31.8414497    105.3601685      5.0000000
    31.8698540    103.5675049      5.0000000
    31.8701363    103.5995178      5.0000000
    31.8735275    104.3679810      5.0000000
    31.8729897    104.7202148      5.0000000
    31.8728752    104.7522278      5.0000000
    31.8717728    104.9763489      5.0000000
    31.8715706    105.0083618      5.0000000
    31.8686447    105.3605652      5.0000000
    31.8683128    105.3925781      5.0000000
    31.8961525    103.4710999      5.0000000
    31.8967667    103.5351563      5.0000000
    31.8970451    103.5671692      5.0000000
    31.9002914    104.6882935      5.0000000
    31.9001808    104.7203369      5.0000000
    31.8987617    105.0086060      5.0000000
    31.8985481    105.0406494      5.0000000
    31.8983307    105.0726929      5.0000000
    31.8955078    105.3929749      5.0000000
    31.9226875    103.4066467      5.0000000
    31.9230156    103.4386597      5.0000000
    31.9233475    103.4707031      5.0000000
    31.9236565    103.5027466      5.0000000
    31.9275703    104.6563721      5.0000000
    31.9274826    104.6884155      5.0000000
    31.9255219    105.0729370      5.0000000
    31.9252815    105.1049805      5.0000000
    31.9226875    105.3933716      5.0000000
    31.9223518    105.4254150      5.0000000
    31.9495506    103.3741760      5.0000000
    31.9498825    103.4062500      5.0000000
    31.9548569    104.6244202      5.0000000
    31.9547729    104.6564636      5.0000000
    31.9524803    105.1052856      5.0000000
    31.9522324    105.1373291      5.0000000
    31.9519958    105.1693726      5.0000000
    31.9517212    105.2014465      5.0000000
    31.9514465    105.2334900      5.0000000
    31.9495506    105.4258118      5.0000000
    31.9763908    103.3417053      5.0000000
    31.9820480    104.6245117      5.0000000
    31.9786339    105.2338257      5.0000000
    31.9783440    105.2658997      5.0000000
    31.9767418    105.4262390      5.0000000
    31.9763908    105.4583130      5.0000000
    31.9760246    105.4903564      5.0000000
    32.0092659    104.6245728      5.0000000
    32.0091820    104.6566772      5.0000000
    32.0052490    105.2983398      5.0000000
    32.0032272    105.4907837      5.0000000
    32.0028534    105.5228882      5.0000000
    32.0363808    104.6567688      5.0000000
    32.0362854    104.6888733      5.0000000
    32.0321465    105.3307800      5.0000000
    32.0318184    105.3628540      5.0000000
    32.0314980    105.3949585      5.0000000
    32.0300560    105.5233154      5.0000000
    32.0296669    105.5554199      5.0000000
    32.0635033    104.6889954      5.0000000
    32.0634003    104.7210999      5.0000000
    32.0632858    104.7532043      5.0000000
    32.0583611    105.4274597      5.0000000
    32.0568733    105.5558777      5.0000000
    32.0564842    105.5879822      5.0000000
    32.0560646    105.6200867      5.0000000
    32.0904961    104.7533569      5.0000000
    32.0855675    105.4278564      5.0000000
    32.0852089    105.4599915      5.0000000
    32.0848503    105.4921265      5.0000000
    32.0832787    105.6205750      5.0000000
    32.0828590    105.6526794      5.0000000
    32.1177139    104.7534790      5.0000000
    32.1175919    104.7856445      5.0000000
    32.1120682    105.4925537      5.0000000
    32.1116829    105.5246887      5.0000000
    32.1100655    105.6531982      5.0000000
    32.1096420    105.6853027      5.0000000
    32.1091995    105.7174377      5.0000000
    32.1448174    104.7857666      5.0000000
    32.1388969    105.5251465      5.0000000
    32.1385193    105.5572815      5.0000000
    32.1364098    105.7179565      5.0000000
    32.1359596    105.7501221      5.0000000
    32.1720276    104.7859497      5.0000000
    32.1653290    105.5899048      5.0000000
    32.1649246    105.6220398      5.0000000
    32.1631775    105.7506714      5.0000000
    32.1627045    105.7828064      5.0000000
    32.1992531    104.7861023      5.0000000
    32.1991119    104.8182678      5.0000000
    32.1921387    105.6225281      5.0000000
    32.1917191    105.6546936      5.0000000
    32.1899300    105.7833557      5.0000000
    32.1894531    105.8155212      5.0000000
    32.2189445    105.6552124      5.0000000
    32.2166710    105.8161011      5.0000000
    32.2161865    105.8482666      5.0000000
    32.2156868    105.8804626      5.0000000
    32.2461700    105.6557007      5.0000000
    32.2457352    105.6878967      5.0000000
    32.2429047    105.8810425      5.0000000
    32.2729645    105.6884155      5.0000000
    32.2701378    105.8816528      5.0000000
    32.2696342    105.9138489      5.0000000
    32.3001976    105.6889343      5.0000000
    32.2968559    105.9144592      5.0000000
    32.2963371    105.9466553      5.0000000
    32.3230362    105.9795227      5.0000000
    32.3502693    105.9801636      5.0000000
    32.3775139    105.9807739      5.0000000
    32.3769608    106.0130615      5.0000000
    32.3764153    106.0452881      5.0000000
    32.4036560    106.0459595      5.0000000
    32.4030876    106.0782166      5.0000000
    32.4303246    106.0788879      5.0000000
    32.4297523    106.1111755      5.0000000
    32.4569931    106.1118774      5.0000000
    32.4842453    106.1125488      5.0000000
    32.5114975    106.1132507      5.0000000
    32.5387497    106.1139526      5.0000000
    32.5659943    106.1146240      5.0000000
    32.5932617    106.1153259      5.0000000
    32.6205215    106.1160278      5.0000000
    32.6483650    106.0843506      5.0000000
    32.6477852    106.1166992      5.0000000
    32.6756325    106.0850220      5.0000000
    32.7028999    106.0856934      5.0000000
    32.7023239    106.1181030      5.0000000
    32.7295914    106.1188049      5.0000000
